0,403
0,402
0,401
0,400
0,399
0,398
0,397
0,396
0,395
0,394
0,393
0,392
0,391
0,390
0,389
0,388
0,387
0,386
0,385
0,384
26,3
26,2
26,1
26,0
0,319
0,318
0,317
0,316
0,283
0,243
25,3
25,2
0,9
25,1
25,0
24,52
24,51
24,50
24,49
24,48
24,47
24,46
24,45
24,44
24,43
24,42
24,41
24,40
24,39
24,38
24,37
24,36
24,35
3,1
3,3
10,227
10,239
10,125
10,27
10,135
10,97
11,10
11,20
11,9
11,14
11,18
11,19
9,5
9,7
8,5
8,11
8,13
8,8
8,14
20,3
20,2
20,1
19,3
19,2
19,1
12,3
12,2
12,1
11,30
11,29
11,28
11,27
11,26
11,25
11,24
11,23
11,22
11,21
11,15
